# unix_time, cycles_done, cur_path, paths_total, pending_total, pending_favs, map_size, unique_crashes, unique_hangs, max_depth, execs_per_sec
1496844900, 0, 0, 1, 1, 1, 0.03%, 0, 0, 1, 444.44
1496844905, 5, 1, 2, 0, 0, 0.03%, 0, 0, 2, 924.63
1496844910, 11, 1, 2, 0, 0, 0.03%, 0, 0, 2, 187.38
1496844915, 13, 0, 2, 0, 0, 0.03%, 0, 0, 2, 160.01
1496844920, 14, 1, 2, 0, 0, 0.03%, 0, 0, 2, 150.61
1496844925, 16, 0, 2, 0, 0, 0.03%, 0, 0, 2, 144.38
1496844931, 17, 1, 2, 0, 0, 0.03%, 0, 0, 2, 133.04
1496844936, 24, 1, 2, 0, 0, 0.03%, 0, 0, 2, 830.17
1496844941, 33, 1, 2, 0, 0, 0.03%, 0, 0, 2, 918.93
1496844946, 42, 1, 2, 0, 0, 0.03%, 0, 0, 2, 923.31
1496844951, 50, 0, 2, 0, 0, 0.03%, 0, 0, 2, 111.52
1496844956, 58, 0, 2, 0, 0, 0.03%, 0, 0, 2, 911.03
1496844961, 63, 0, 2, 0, 0, 0.03%, 0, 0, 2, 109.56
1496844966, 64, 1, 2, 0, 0, 0.03%, 0, 0, 2, 130.35
1496844971, 66, 0, 2, 0, 0, 0.03%, 0, 0, 2, 134.76
1496844976, 71, 0, 2, 0, 0, 0.03%, 0, 0, 2, 871.62
1496844981, 81, 1, 2, 0, 0, 0.03%, 0, 0, 2, 991.21
1496844986, 88, 0, 2, 0, 0, 0.03%, 0, 0, 2, 151.94
1496844992, 92, 1, 2, 0, 0, 0.03%, 0, 0, 2, 191.70
1496844997, 94, 0, 2, 0, 0, 0.03%, 0, 0, 2, 145.36
1496845002, 95, 0, 2, 0, 0, 0.03%, 0, 0, 2, 137.69
1496845007, 96, 1, 2, 0, 0, 0.03%, 0, 0, 2, 123.19
1496845012, 97, 1, 2, 0, 0, 0.03%, 0, 0, 2, 126.39
1496845017, 101, 1, 2, 0, 0, 0.03%, 0, 0, 2, 884.66
1496845022, 107, 1, 2, 0, 0, 0.03%, 0, 0, 2, 763.33
1496845027, 116, 0, 2, 0, 0, 0.03%, 0, 0, 2, 827.19
1496845032, 118, 1, 2, 0, 0, 0.03%, 0, 0, 2, 179.41
1496845038, 120, 0, 2, 0, 0, 0.03%, 0, 0, 2, 181.24
1496845043, 122, 0, 2, 0, 0, 0.03%, 0, 0, 2, 169.81
1496845048, 127, 0, 2, 0, 0, 0.03%, 0, 0, 2, 899.76
1496845053, 129, 0, 2, 0, 0, 0.03%, 0, 0, 2, 128.54
1496845058, 130, 1, 2, 0, 0, 0.03%, 0, 0, 2, 153.90
1496845063, 133, 1, 2, 0, 0, 0.03%, 0, 0, 2, 342.29
1496845068, 135, 1, 2, 0, 0, 0.03%, 0, 0, 2, 220.67
1496845073, 137, 0, 2, 0, 0, 0.03%, 0, 0, 2, 146.71
1496845078, 142, 0, 2, 0, 0, 0.03%, 0, 0, 2, 764.19
1496845083, 150, 0, 2, 0, 0, 0.03%, 0, 0, 2, 1009.94
1496845088, 158, 0, 2, 0, 0, 0.03%, 0, 0, 2, 1089.55
1496845094, 165, 1, 2, 0, 0, 0.03%, 0, 0, 2, 768.10
1496845099, 167, 1, 2, 0, 0, 0.03%, 0, 0, 2, 185.32
1496845104, 171, 0, 2, 0, 0, 0.03%, 0, 0, 2, 345.31
1496845109, 174, 0, 2, 0, 0, 0.03%, 0, 0, 2, 369.09
1496845114, 178, 0, 2, 0, 0, 0.03%, 0, 0, 2, 390.63
1496845119, 186, 0, 2, 0, 0, 0.03%, 0, 0, 2, 787.41
1496845124, 189, 1, 2, 0, 0, 0.03%, 0, 0, 2, 149.22
1496845129, 194, 0, 2, 0, 0, 0.03%, 0, 0, 2, 435.06
1496845134, 202, 0, 2, 0, 0, 0.03%, 0, 0, 2, 729.41
1496845139, 209, 1, 2, 0, 0, 0.03%, 0, 0, 2, 824.42
1496845145, 219, 0, 2, 0, 0, 0.03%, 0, 0, 2, 931.86
1496845150, 222, 1, 2, 0, 0, 0.03%, 0, 0, 2, 207.91
1496845155, 224, 0, 2, 0, 0, 0.03%, 0, 0, 2, 150.51
1496845160, 226, 0, 2, 0, 0, 0.03%, 0, 0, 2, 179.84
1496845165, 227, 1, 2, 0, 0, 0.03%, 0, 0, 2, 147.82
1496845170, 229, 0, 2, 0, 0, 0.03%, 0, 0, 2, 136.93
1496845175, 235, 0, 2, 0, 0, 0.03%, 0, 0, 2, 840.50
1496845180, 244, 1, 2, 0, 0, 0.03%, 0, 0, 2, 912.97
1496845185, 254, 0, 2, 0, 0, 0.03%, 0, 0, 2, 988.63
1496845190, 262, 0, 2, 0, 0, 0.03%, 0, 0, 2, 220.28
1496845196, 264, 0, 2, 0, 0, 0.03%, 0, 0, 2, 170.17
1496845201, 267, 0, 2, 0, 0, 0.03%, 0, 0, 2, 138.40
1496845206, 268, 1, 2, 0, 0, 0.03%, 0, 0, 2, 154.68
1496845211, 270, 0, 2, 0, 0, 0.03%, 0, 0, 2, 143.71
1496845216, 274, 0, 2, 0, 0, 0.03%, 0, 0, 2, 828.76
1496845221, 282, 0, 2, 0, 0, 0.03%, 0, 0, 2, 835.27
1496845226, 290, 0, 2, 0, 0, 0.03%, 0, 0, 2, 812.48
1496845231, 298, 1, 2, 0, 0, 0.03%, 0, 0, 2, 831.28
1496845236, 304, 0, 2, 0, 0, 0.03%, 0, 0, 2, 106.75
1496845241, 306, 1, 2, 0, 0, 0.03%, 0, 0, 2, 247.71
1496845247, 312, 0, 2, 0, 0, 0.03%, 0, 0, 2, 477.61
1496845252, 319, 0, 2, 0, 0, 0.03%, 0, 0, 2, 695.93
1496845257, 322, 1, 2, 0, 0, 0.03%, 0, 0, 2, 396.11
1496845262, 331, 0, 2, 0, 0, 0.03%, 0, 0, 2, 771.63
1496845267, 337, 0, 2, 0, 0, 0.03%, 0, 0, 2, 615.08
1496845272, 339, 0, 2, 0, 0, 0.03%, 0, 0, 2, 275.31
1496845277, 344, 1, 2, 0, 0, 0.03%, 0, 0, 2, 659.13
1496845282, 354, 1, 2, 0, 0, 0.03%, 0, 0, 2, 920.26
1496845287, 357, 0, 2, 0, 0, 0.03%, 0, 0, 2, 416.81
1496845292, 363, 0, 2, 0, 0, 0.03%, 0, 0, 2, 454.61
1496845297, 364, 1, 2, 0, 0, 0.03%, 0, 0, 2, 218.27
1496845303, 368, 0, 2, 0, 0, 0.03%, 0, 0, 2, 117.20
1496845308, 369, 0, 2, 0, 0, 0.03%, 0, 0, 2, 142.23
1496845313, 370, 1, 2, 0, 0, 0.03%, 0, 0, 2, 125.65
1496845318, 373, 0, 2, 0, 0, 0.03%, 0, 0, 2, 983.56
1496845323, 379, 0, 2, 0, 0, 0.03%, 0, 0, 2, 577.20
1496845328, 380, 1, 2, 0, 0, 0.03%, 0, 0, 2, 246.37
1496845333, 383, 1, 2, 0, 0, 0.03%, 0, 0, 2, 119.63
1496845339, 385, 0, 2, 0, 0, 0.03%, 0, 0, 2, 141.75
1496845344, 386, 1, 2, 0, 0, 0.03%, 0, 0, 2, 126.11
1496845349, 387, 1, 2, 0, 0, 0.03%, 0, 0, 2, 124.92
1496845354, 396, 0, 2, 0, 0, 0.03%, 0, 0, 2, 931.22
1496845359, 401, 1, 2, 0, 0, 0.03%, 0, 0, 2, 572.02
1496845364, 403, 1, 2, 0, 0, 0.03%, 0, 0, 2, 250.44
1496845369, 406, 1, 2, 0, 0, 0.03%, 0, 0, 2, 125.07
1496845375, 408, 0, 2, 0, 0, 0.03%, 0, 0, 2, 145.34
1496845380, 409, 1, 2, 0, 0, 0.03%, 0, 0, 2, 126.39
1496845385, 410, 1, 2, 0, 0, 0.03%, 0, 0, 2, 122.76
